9640 9390 4810
9310 2890 4250
1380 320 7590
3140 9460 5430
880 2250 2110
2670 7780 5120
8300 4550 2310
4560 2530 6310
4250 4080 8190
8450 1030 4990
130 1670 1550
7490 9190 2070
9500 2330 3600
2790 8420 4540
1730 2820 7820
4910 30 2980
8050 8990 5460
7900 3210 6250
4080 5520 8120
3740 8170 3140
870 620 8470
7580 1310 3610
6090 5280 8500
3290 7030 1330
9480 290 3900
2450 2130 9230
4000 1810 6650
2070 2230 180
4880 5780 6020
3170 3570 8310
1910 870 6960
5960 1220 680
1660 5430 9630
4810 2530 4990
1340 6550 8250
5820 850 6950
6750 8810 970
7440 3400 6680
7230 7360 3180
540 6340 410
2050 7120 2730
2640 1930 8610
4530 7300 3240
9960 8170 3860
2840 6850 7080
6610 90 9530
8660 3610 6080
9540 960 3510
9290 1390 220
1790 2340 3470
1900 4300 8330
9830 3360 1320
2220 20 1070
7520 8960 9060
1260 7240 700
4240 7450 1760
7820 8800 8400
2860 7590 5010
6850 220 1520
2420 2080 8380
5970 890 1920
3840 4900 9170
6940 3430 3220
4830 2710 9610
1940 2810 130
6430 9300 1470
8030 4820 7990
3060 8770 4800
3000 6470 2900
9510 4580 3040
8530 9880 6200
1570 8310 8190
2410 9170 1410
780 4500 1960
5720 9670 8550
6340 8470 4840
9660 5650 2820
7640 1940 9930
7050 6810 2470
4470 8500 3460
9400 6940 8210
5120 5130 2170
5370 40 4380
940 4880 1220
5190 800 6070
2820 5330 3810
8440 8470 9240
5720 6950 4470
7880 1410 9640
3900 7570 5920
1420 3170 5810
3930 7200 1560
4100 8010 4360
9600 1170 5320
6690 1890 2280
4290 2690 6480
1690 7700 9040
8170 7130 5880
1150 5140 1290
3770 4740 1940
9620 9720 1660
9050 3730 9930
3890 5800 3600
2600 7400 5730
1750 1030 5120
940 1070 4650
1160 5670 5080
4150 3350 1490
8040 9220 5610
1480 690 7970
3880 4340 2910
2350 8590 1470
370 760 1210
5090 1090 4420
1710 6910 5790
5060 6560 940
970 9130 8980
270 4190 3950
7230 7940 2530
4520 9530 8750
8390 8660 8350
4600 9180 9970
3470 3230 5990
1710 4700 5180
2390 3120 8360
6540 4300 7790
9860 1920 2400
330 8300 1610
6030 9550 7150
5070 1130 2510
770 3510 2700
8970 9560 1570
4390 9420 4540
4140 3630 6820
820 6310 4600
6910 4960 4790
5730 8380 9770
6870 5870 3070
2610 490 8900
3800 5370 540
8460 9070 3050
3970 2750 4220
1940 7970 5640
4860 250 7220
3490 8930 3690
9940 3270 6790
6190 430 2870
3960 6170 1830
9250 590 6520
9230 4330 6920
1480 3720 560
2730 6940 4900
4300 6730 5640
8790 750 1950
9170 1280 2390
8410 7950 9550
7070 6320 180
7920 540 6670
1030 1370 1080
7280 5120 1720
2400 2670 7260
3930 9940 7870
6650 9600 2960
1860 7950 7130
5850 540 5370
5430 6780 9120
8760 1750 2300
6110 850 4260
3960 4820 3280
4110 1300 440
9900 3020 3860
7130 4070 4290
7550 3110 9310
8870 7220 7550
7550 9300 2820
6630 7970 9110
7000 9380 4460
9670 3580 3350
6100 1390 3720
6910 750 7080
9800 9510 6620
9300 1910 6150
7820 3740 4950
1460 1750 1970
7550 4320 9270
1370 6430 4190
1310 8830 50
5790 7270 5950
9840 1040 4210
2630 6520 7320
5950 240 490
2410 4200 9930
2150 9290 9540
7950 8760 2900
1280 6050 5170
7810 6940 5350
8010 6770 6150
1460 7660 5260
9960 2250 2150
7800 4970 1720
680 1870 3970
9930 970 2810
7190 2780 4600
1170 5910 2270
7400 1040 5100
2500 2930 5170
8240 9040 8200
2940 1670 2660
740 3290 5020
6040 2820 9630
8390 9640 9520
3040 6620 3190
840 4300 710
320 8130 2680
4820 390 4240
2480 6610 3810
4680 2730 5090
6650 9260 5810
8450 5730 5530
7750 7620 2860
7800 7830 6780
2120 8560 1090
1580 3000 6710
2050 2020 3450
1290 1910 6860
2090 8640 6090
6810 1510 8620
8980 7510 4770
7990 1220 5450
1050 6490 9620
8570 7830 3500
7890 3410 8870
7090 8250 2170
2650 7340 40
1360 5280 3520
2090 1310 9610
170 1250 1620
3740 1370 4910
8080 3120 5550
440 2070 4430
3830 4430 1950
4170 9950 8660
420 2620 4600
580 4740 6870
8370 9750 6790
2370 6200 4290
6860 560 3960
8190 7980 7600
3860 1150 3250
2310 3490 8080
5790 3170 110
5760 7880 6680
1200 8310 4680
5740 8030 5340
6090 6290 7410
7790 8180 3540
7420 5560 1780
4670 1810 7350
2760 2940 2670
2720 9880 2610
8340 360 5340
7870 7850 280
6920 7610 5010
2950 2330 3770
630 5970 8590
4670 6440 4850
2020 6680 1500
5880 7610 3970
1860 3900 4310
4750 3760 3660
7000 8900 7190
8730 7650 2750
30 4480 9170
8620 500 5650
9240 6800 8720
7620 7670 5080
1530 4730 1030
5770 7390 3990
4200 6330 3550
9300 4740 4640
7170 9020 1990
5470 4550 4440
6620 7640 5870
8040 3880 4050
3400 5830 8950
7720 5960 5770
8830 1240 290
7240 5390 210
7420 880 1910
1140 1720 4120
6020 3290 7480
5520 6620 7890
4760 5490 9100
6550 1330 610
3870 540 2260
5530 3330 8600
3370 1890 8280
7830 7760 9080
3080 1480 9490
710 9140 3290
3190 5550 6780
2570 6330 3570
6100 8920 7760
3400 5360 6960
4690 10 260
360 3500 280
6910 1620 2430
6720 1880 7340
2540 4540 3820
1080 4990 850
8990 1210 7090
7890 8910 270
9010 6020 3880
9650 9080 2820
3890 1620 5680
7320 3080 1850
8550 150 6480
240 3790 6350
2690 4170 6930
9360 1830 5230
7450 5710 2190
7960 8360 6020
3860 6170 8650
8330 1160 2950
670 5880 3540
3590 1580 7650
6480 5430 150
1880 1840 4220
4360 8500 4340
7330 5080 9030
8860 5490 6940
6890 1810 1070
1030 1480 9180
6800 5000 5130
7720 2570 3500
6060 6890 5880
7100 3160 1560
6730 9190 6700
2890 4850 6390
7950 3860 3410
1410 8530 1400
9110 1940 9890
1560 8560 260
9020 3280 6270
5380 2070 1860
4770 9560 980
250 1260 190
6150 9860 9520
3230 7430 5330
3370 7280 1750
7090 5150 2860
3020 1080 6740
2950 8850 330
3380 4530 7100
3240 1180 2570
5000 2320 8010
3360 3280 4330
6420 590 4430
6020 7880 2820
3520 360 3290
4240 3170 4230
130 2630 3930
5690 2180 5690
3870 8520 370
2360 8730 2880
4970 8420 180
5380 9030 2240
8950 3130 4690
1180 990 6750
9180 9020 1230
6300 7930 2020
510 6330 980
4300 4780 3540
880 6980 4470
3420 1600 5690
6020 6080 6150
1550 9650 8600
4830 7360 8830
1050 5680 840
9260 7910 2100
140 7910 2490
9750 2600 7950
9650 9470 5920
3830 5230 9320
3990 940 620
2050 310 5950
3130 3910 8050
3120 2080 530
7150 2830 6030
7360 7720 6960
1940 5640 3720
5640 7510 4840
5250 3480 8110
4950 8900 6720
280 1680 1420
3970 6050 5180
280 8420 2750
2500 2580 5830
6100 6630 8800
300 1970 7330
5490 3800 9170
5560 7940 7720
6650 2930 9250
5780 8970 270
9770 800 8870
7680 7790 6280
7290 300 9960
5960 3320 4470
2090 9160 4070
240 390 7740
9010 10 9150
5840 180 1830
2090 5920 730
2260 5590 3910
6850 6890 3230
340 6430 3910
6900 3580 840
2670 910 8630
2880 600 7730
7820 7810 3540
2520 6040 3680
6650 9700 270
7910 6310 5560
9450 9700 1990
6590 2650 1160
3870 8190 200
9030 1780 9890
3260 3530 4370
320 390 9510
9730 840 570
3500 6560 2600
6670 9840 9460
7140 1450 4920
7770 9790 1450
3140 260 5040
290 8410 9450
7180 2850 7230
1040 110 7640
2460 6850 9610
8820 7160 5230
840 3560 3330
5460 7050 9620
4210 3050 2800
9580 6610 1920
360 4480 4070
6340 4790 6920
4030 3960 3500
7120 7660 930
320 3250 3060
2700 5760 8020
9210 8140 4330
8700 5430 4960
3060 1550 6570
9410 3630 9330
5770 4300 360
9100 1810 4260
2090 8750 8280
8420 8360 2390
5700 1580 2300
8390 4000 9400
8790 880 5800
2560 3930 8150
9340 6110 9330
2950 6240 3180
3270 4730 7440
6470 9620 2890
4650 6320 5550
6710 2910 1560
9000 5880 9660
5020 1720 4540
8680 3230 9760
8280 9830 3470
8600 1410 8770
3700 9990 7840
1780 1190 9540
4000 1020 7390
6300 8400 740
5350 3100 7940
90 2440 4740
1680 9620 4130
6810 6670 9040
3640 5500 3810
6210 2450 3690
5190 7820 5990
2470 1360 5170
6360 3300 8140
6250 6170 9380
2430 8790 7570
9530 7780 9380
6500 1490 7340
1420 3160 8320
2070 7460 4980
5150 3260 4750
1810 7600 9060
9600 790 1620
20 8470 4640
7220 3950 7510
1730 5980 9330
470 5820 3970
5900 9970 5250
3170 4290 730
9320 8460 8990
9950 8240 190
6350 6710 5990
7770 6150 7830
7610 0 5600
6510 7560 260
7090 1900 1930
9770 1200 1780
570 1470 8560
9740 5540 4240
590 1530 6700
8210 6160 6310
6470 4290 8560
2980 7040 7080
3540 4820 2710
5210 9230 8130
780 2840 9010
1250 630 870
5620 8740 1920
5930 8290 9430
2450 120 2040
2340 9980 5400
7590 3190 5350
1940 6550 3710
3860 2650 3690
780 7570 6770
1710 2270 8710
7000 2730 3310
4660 950 210
1870 1800 9680
2500 4080 9380
710 8890 6190
6170 5110 580
6110 530 9930
5670 6260 5990
7700 1470 5320
850 2120 8250
8240 560 4320
9010 7010 8750
6030 8170 7840
5840 540 8700
1950 1660 6220
5690 330 580
990 8930 9020
140 7500 3940
670 4480 4270
7500 5540 3760
6570 5320 6000
3870 1470 4900
6230 6250 4670
5450 520 3710
7610 4460 5380
2330 8750 5580
7350 730 4100
9660 9740 5710
9500 1570 520
10 1890 1490
1270 7880 8280
910 5810 2050
9890 7220 5710
8160 5500 7120
2850 7950 7460
1000 9000 7730
8110 6860 690
2680 4570 5640
3570 3220 4970
4870 2410 8430
7050 8950 3390
8880 9560 7950
9540 2260 5800
2090 8030 4310
8130 5610 2350
7560 640 1980
1510 8310 4200
170 6100 9440
920 4720 4060
3770 4010 6120
770 2600 5100
2280 710 3380
1910 6200 2140
9390 8060 7100
3190 8380 9900
2400 780 1100
7870 9960 4590
3280 20 870
9640 5510 2740
2850 4960 8460
8930 8540 2630
9450 830 7180
7640 690 2000
8090 1090 10
7090 3820 9920
1500 7140 8460
4780 6990 7560
5720 2400 1970
2640 4130 4690
9270 4760 1120
9200 1580 5240
920 2200 1630
8360 450 1560
3520 2070 2080
4960 7700 2620
810 8960 2310
7590 4660 2990
60 4800 4930
4420 540 1000
4830 4380 5680
0 6590 5650
4470 9240 8770
4500 2930 2530
8270 8010 8370
7380 7850 1830
1350 6530 2890
2280 2230 7990
5280 6960 3290
6940 9430 4110
4160 70 9010
490 5040 5790
1560 5970 3930
6790 1080 2590
1620 30 2190
7640 7120 7690
5100 180 9710
2110 1490 6890
360 6190 5520
8690 9230 3330
5450 1980 9370
9360 6060 7570
1210 7900 9270
1810 3050 7620
4450 3470 1030
6520 350 2080
3030 2930 7090
4100 3290 450
6440 7710 2020
3690 4420 3290
7880 5750 140
5560 7860 1000
7200 1480 5780
230 2440 770
8820 6810 2380
5770 5310 8000
8040 4400 5770
4600 7320 8520
3970 490 7860
2540 9800 1280
8170 4250 1240
8970 70 8320
270 9320 4880
7820 8360 7830
9300 9170 2660
5100 4530 2560
6200 9740 210
7910 7400 2070
2090 2930 4670
80 4790 6540
2180 7210 5660
6020 8680 3590
3480 1640 6750
6410 6740 7570
1700 6650 1370
6020 9570 5950
1390 6450 3120
8000 3310 9180
7400 8950 9330
9290 8390 420
7790 9170 640
1140 1150 3320
5830 6590 8470
7980 4280 5570
80 1470 300
9850 2770 8380
7450 4550 7270
2820 5570 5340
5590 6120 540
5950 8060 9880
9430 3930 1300
1890 2920 2070
9540 6350 0
7410 3960 4360
960 4000 3210
5320 2820 4200
7110 7920 3140
6640 8350 5190
5430 5220 9310
8610 9300 8820
9870 3030 7130
40 3160 2230
3120 5970 6790
2530 5330 240
5240 2270 1860
5080 1990 3400
4180 3320 9330
10 5190 5660
1330 7560 3800
8580 1870 7500
7670 8120 1900
7150 8350 6780
2780 7500 4880
5480 5160 9000
8960 4780 4480
6630 8270 5350
7620 1560 6200
1730 1320 2460
7400 8470 550
1980 4830 9210
7790 8690 2530
1600 2930 4070
4750 5170 80
4100 5590 4290
110 9320 990
340 6470 9030
9670 3880 8560
3300 1780 350
530 7170 8730
9670 690 7350
7150 9140 5180
8790 5050 7850
2920 8860 8780
1030 6280 6290
5740 1740 600
6710 9830 8340
6020 6350 1980
2090 1030 5690
2330 2960 3400
8500 6180 9170
9880 8620 2360
5600 1170 1370
4310 2680 7760
4750 2220 9180
6840 6140 2440
5330 2450 7460
7170 480 5700
6960 3520 7940
1590 9750 9160
370 9070 2070
4440 1110 9180
1560 940 2710
2960 9220 7160
4830 5870 5820
4910 5260 130
1800 6300 1130
7340 3090 4390
5120 140 6480
880 5270 9960
160 6930 200
9530 8850 720
7850 3780 1760
6400 9150 2530
3320 9060 9100
8670 4980 0
8330 7120 6790
2040 5010 9320
9760 1130 8350
7890 8680 7670
4960 160 3270
4710 2590 9810
4350 920 460
3280 9240 5210
8760 4240 7100
6540 7680 9720
6460 4310 8130
7570 7810 5870
7100 9170 4690
3680 8870 5650
960 5150 4860
470 1790 1990
4870 250 1280
6070 3220 2290
4920 9340 1370
2310 7160 4760
2030 4860 8720
450 7950 8010
8830 8010 5090
1610 2300 2100
3020 3140 3590
8510 8010 940
3990 8270 780
3980 6480 610
7990 1640 4670
1500 2630 6010
3650 2520 6390
8250 3730 5280
4180 460 6140
7380 9770 8960
4860 1880 6200
5100 7970 9730
1280 2120 9150
5480 9680 7770
4700 4610 500
6080 2140 9770
3960 9000 4450
9950 2380 9700
4060 2630 9540
1700 6820 5650
300 1820 210
4240 4850 6160
4150 5790 9940
330 6580 830
600 8620 6180
6220 7410 3480
470 9140 1500
800 8190 1260
2740 7360 4530
3790 9000 8590
4880 1190 7910
9320 5430 2460
9980 6190 9240
5200 7790 7170
2540 1790 6910
8180 2860 2500
2320 9300 8860
5650 9650 4650
7040 9520 2840
3410 530 140
7770 9750 1760
6570 6580 5360
270 7680 3960
1730 4560 3840
7150 8340 6870
9050 5960 7830
2510 9980 9530
6520 8510 5260
1760 6650 4470
9580 9610 7130
6660 3490 4760
3470 7510 7140
5270 1670 7060
7160 650 5080
930 2570 5600
6290 6100 3610
5240 1220 5560
5210 4500 820
6280 3150 2560
6260 310 9770
6540 6480 3900
5960 9220 2760
3860 5450 8330
7520 5670 7850
3500 260 2720
7670 6830 6500
8610 4140 4170
8610 3110 3730
1580 3560 680
9970 2290 2780
1990 210 870
1920 6280 4910
7590 5640 3830
790 4160 1870
1580 7800 770
8650 3390 5920
4070 6650 6510
40 1290 1200
4240 4230 9380
8140 1970 9590
2020 5580 3940
3830 5660 8250
750 1540 5960
9270 5060 1300
70 1040 4850
8700 8920 8560
1550 4760 1900
8760 120 2340
380 5330 3260
5130 8800 9920
3150 1770 9410
7980 70 2040
6880 140 4010
2880 6760 4350
7850 7910 6650
6920 7750 7090
390 4210 5300
6720 8590 8930
5410 5630 5930
8560 8580 3520
8870 5300 9940
8150 720 3040
3540 7640 9830
9850 4960 3250
8360 1310 4510
7650 7800 970
9430 2170 9570
6580 6390 5170
9010 2030 9330
7980 7500 9710
630 9030 8870
3470 4580 2430
8480 9820 1690
8230 3430 9160
3190 7420 5380
9990 7000 9340
5920 1690 1330
7650 4290 5730
5120 6130 7490
1820 4560 5400
2280 5430 5120
6760 8870 3170
3890 4430 7740
2760 1720 4010
9600 9620 2570
700 2500 8570
7820 160 2480
1210 3440 3050
2090 9500 980
9550 30 6610
450 1870 8670
6510 9930 9700
3480 6440 5380
1770 7090 4060
4870 1650 670
9290 1370 620
4800 940 6340
8840 3970 7310
9510 6700 1090
8420 1710 310
9730 5110 7830
8000 3790 6570
5190 8230 3740
8060 1550 2200
7240 5900 1530
3960 1630 8070
7520 80 3740
3300 120 7320
9440 8750 8510
3050 8760 4740
9640 2590 5640
5540 7740 9930
1080 4640 7390
5000 1440 7460
9370 3530 3310
1870 5750 2550
3660 5630 1470
480 9320 1250
5910 600 2370
5430 8320 7330
3960 7800 3450
9760 1620 820
6290 9810 1990
7730 2420 7310
4770 6030 9230
2680 3240 490
8080 1910 6680
5280 410 8850
3220 8200 1580
2420 7310 3050
7170 5640 9170
3820 2170 5670
6380 5970 2640
5440 9770 7940
1050 140 3680
5730 8160 6730
8280 2950 2360
4710 180 2370
5340 9130 9520
4410 520 9250
5750 6760 4210
9540 7060 6720
3600 2230 8930
2970 8780 4800
1590 240 620
1110 9780 7190
7110 5160 360
8750 1900 7100
8810 9950 8490
4210 5150 6560
7830 2840 4500
7570 8070 970
8310 1020 1420
2720 400 5730
540 4740 6280
4300 2940 1630
5220 6450 2610
7610 1420 5280
4130 7230 2020
4210 7750 8490
1560 2360 4460
570 4390 1780
5140 1540 770
2330 7510 3470
660 8770 4010
8240 9350 5970
9480 610 3010
6320 8170 7220
8560 3370 410
9850 210 2280
230 160 9670
680 5860 4740
70 6690 7500
6640 3570 1110
5060 5290 9180
3140 7590 2960
2530 8150 1140
8150 3010 3550
2720 6040 8570
9010 6890 7330
7950 3770 260
1100 620 4650
5790 7280 9330
1640 1510 8370
