907 902 633
713 925 462
582 26 971
352 532 585
578 955 249
655 354 436
980 160 85
545 218 724
236 528 499
416 992 999
884 529 292
793 375 84
895 639 497
454 453 347
296 228 533
800 309 663
434 676 160
816 171 180
622 710 124
626 311 289
71 358 859
411 543 334
493 416 984
110 650 611
493 918 957
19 146 991
379 120 537
41 210 550
402 934 695
57 606 633
253 111 823
763 590 337
248 651 394
652 226 292
448 60 821
945 734 343
751 590 238
669 656 500
311 583 660
203 27 613
443 671 748
582 750 328
341 377 883
446 687 283
846 579 744
276 396 459
285 994 47
493 525 968
113 65 690
717 820 550
928 754 207
747 155 380
910 352 894
195 176 486
830 805 667
253 167 0
377 899 393
306 200 178
64 169 670
982 975 176
79 64 990
767 682 840
268 906 24
851 326 389
334 613 274
778 238 56
385 600 383
297 138 36
687 244 932
853 481 745
861 520 665
996 706 564
889 665 129
229 657 940
669 217 947
25 911 470
487 802 758
921 435 878
636 55 596
190 474 213
140 46 998
81 673 402
278 437 544
48 670 705
749 201 350
809 207 238
383 599 399
678 934 215
327 423 494
670 735 685
327 686 622
165 978 652
282 576 938
0 26 365
905 800 64
92 941 889
877 844 393
722 377 498
867 272 876
785 914 825
651 559 620
974 228 331
903 250 530
659 767 729
846 998 83
132 314 59
82 633 122
810 969 431
858 514 204
276 210 684
956 788 557
972 10 919
156 652 421
11 553 87
49 951 7
825 336 322
588 99 379
67 788 167
135 919 844
385 119 344
696 875 67
974 375 727
905 672 73
782 369 40
474 150 376
4 182 785
330 394 166
749 795 909
748 888 301
219 876 41
101 529 595
928 156 588
915 45 13
592 105 945
596 965 384
225 569 204
513 718 784
11 441 430
374 346 896
296 476 741
382 404 401
23 97 20
974 89 463
750 997 940
33 708 29
178 940 638
817 247 315
125 864 773
971 108 182
274 575 912
655 564 593
208 737 187
68 429 424
258 401 737
805 263 17
631 925 893
969 643 338
124 127 811
833 576 252
614 26 929
517 849 592
183 390 93
335 894 147
231 352 766
294 88 639
826 985 644
756 610 514
325 481 189
787 897 147
226 572 173
768 604 999
963 207 231
725 961 253
561 977 94
536 765 853
501 381 845
499 829 632
200 131 302
660 181 430
909 359 92
753 238 918
295 497 178
702 87 399
808 813 416
114 287 309
666 444 362
771 890 221
571 421 859
853 13 903
886 876 452
286 609 168
384 849 70
678 319 593
933 159 975
482 717 149
646 992 55
222 14 683
518 11 83
247 809 138
424 720 828
724 95 817
241 437 695
225 22 5
973 635 527
165 919 553
386 697 483
844 841 886
336 416 306
281 118 77
564 77 544
164 139 926
889 85 406
639 368 27
248 681 269
316 487 710
220 451 343
276 904 810
822 489 699
284 817 68
600 795 771
527 934 807
684 413 547
751 277 387
51 559 322
352 450 600
893 79 527
261 486 833
876 418 712
601 257 680
67 367 983
822 937 935
586 44 137
540 432 484
232 811 549
744 49 803
468 392 276
991 584 748
714 146 595
218 324 417
896 367 940
269 473 877
702 314 275
880 406 156
456 538 795
574 18 605
279 759 320
961 213 366
770 835 688
616 295 912
150 407 596
791 445 415
239 141 555
703 412 371
860 459 73
574 814 148
206 229 855
195 114 646
198 863 268
593 986 439
306 976 943
952 192 518
130 901 127
656 515 976
706 757 772
451 284 267
479 126 574
525 965 826
40 805 382
802 970 566
321 411 901
864 439 231
725 114 697
741 45 119
150 266 624
865 33 15
986 606 435
347 347 637
554 636 835
454 161 439
154 621 811
663 198 871
786 422 44
13 934 502
687 484 396
637 633 338
320 5 302
523 897 549
506 707 243
182 279 570
90 110 935
668 833 519
767 632 54
339 67 742
617 502 436
974 118 262
977 941 565
528 52 790
438 167 987
41 649 511
730 364 541
280 431 928
471 84 242
576 322 40
126 313 243
978 314 323
620 246 703
678 202 713
304 872 222
529 461 690
803 415 848
962 978 160
901 384 481
337 444 981
739 646 788
172 579 809
825 544 967
128 187 268
223 243 105
716 425 148
974 456 936
291 866 877
448 77 479
416 10 472
308 51 603
602 538 479
1 25 125
118 931 257
494 58 221
77 926 950
438 605 292
498 277 685
329 19 705
879 494 337
989 493 521
34 628 484
771 164 345
116 711 50
696 381 535
615 929 304
450 82 76
535 335 453
705 472 292
309 761 690
835 638 872
22 49 972
959 544 787
694 509 663
52 505 267
825 308 609
288 406 650
627 507 203
699 718 788
656 353 109
328 67 533
733 798 940
729 592 872
428 133 209
778 366 779
858 658 816
882 814 618
24 356 378
213 697 904
306 930 178
311 883 850
137 630 417
185 239 475
36 926 899
470 946 946
522 230 523
370 456 665
708 295 317
679 674 477
20 817 501
500 151 866
904 285 349
915 45 802
262 893 843
967 931 450
274 452 938
681 638 15
152 635 162
957 924 11
616 706 360
601 275 65
110 14 12
195 808 249
17 844 409
741 9 235
514 556 604
933 86 278
546 218 493
900 223 742
298 44 674
677 353 455
449 448 904
361 996 512
364 113 913
932 121 440
736 767 548
20 484 864
726 886 310
42 606 780
726 980 664
696 785 625
25 699 762
988 69 167
506 79 921
165 278 725
296 808 563
996 511 400
113 663 48
543 985 493
309 912 615
229 736 553
161 564 195
967 224 902
109 607 138
615 844 690
942 93 911
40 52 558
404 919 849
240 320 637
116 211 534
837 614 519
683 24 175
612 71 795
806 806 13
617 558 948
952 230 687
591 443 351
174 688 88
896 378 322
414 720 875
752 87 89
940 263 265
420 942 817
62 646 284
689 42 326
299 582 582
443 553 739
293 186 370
916 109 710
842 534 490
615 976 4
344 595 774
360 279 479
328 73 518
382 973 379
340 686 469
101 144 904
147 392 24
771 562 728
418 206 87
500 869 169
930 223 348
117 394 751
962 278 256
444 467 753
65 813 810
967 233 204
839 301 494
80 550 672
972 136 640
96 76 720
275 26 259
716 507 247
127 721 352
988 139 67
259 728 468
147 924 373
284 523 740
202 933 346
813 443 475
473 668 667
669 58 768
857 972 340
617 244 33
398 731 587
68 442 760
565 242 680
421 58 263
269 259 388
241 118 635
62 147 425
956 809 278
538 339 785
164 283 39
459 749 645
777 120 493
3 43 76
650 573 70
211 844 121
503 126 131
809 449 772
180 312 17
220 570 562
317 661 701
487 899 591
29 297 236
984 526 416
520 426 601
466 541 100
348 6 426
965 492 996
648 483 355
585 716 545
467 755 465
212 261 852
495 595 671
647 3 509
222 559 48
996 527 165
126 322 511
448 861 854
103 247 711
720 271 49
426 529 503
969 540 230
416 642 335
487 405 584
534 117 735
531 657 25
954 93 187
899 912 564
506 377 592
208 188 315
893 95 430
469 395 296
83 201 409
327 574 209
128 536 238
743 416 697
60 324 92
6 452 437
499 654 137
618 380 936
982 307 692
814 438 293
915 512 15
72 826 918
195 256 89
203 512 478
981 831 975
61 635 834
160 336 174
300 743 461
117 586 229
538 861 864
851 36 497
128 551 79
104 761 731
819 171 290
498 93 29
675 285 547
872 909 559
498 885 883
950 134 220
271 552 565
864 350 14
875 633 474
975 783 632
374 36 100
944 509 758
745 353 996
409 951 699
151 489 909
98 771 297
113 294 430
230 865 437
591 369 849
893 818 320
279 581 401
709 11 805
651 408 22
889 811 989
206 223 559
923 747 251
899 48 122
635 544 245
756 543 318
496 180 45
449 653 277
531 555 581
204 167 426
629 199 695
418 789 32
804 390 667
990 603 992
716 349 175
245 60 848
963 621 136
301 210 56
623 797 585
402 374 784
427 193 276
224 273 963
637 473 304
541 917 807
392 647 490
235 10 774
897 902 46
292 397 829
785 224 901
655 596 958
341 748 461
365 349 36
610 570 306
943 187 156
743 227 942
259 576 429
746 128 127
597 99 419
241 215 889
83 397 296
890 918 467
765 289 296
582 541 557
994 851 88
119 808 535
39 138 289
531 383 810
866 736 631
184 971 21
212 295 946
284 196 989
365 795 694
803 860 48
625 808 964
129 700 675
608 39 88
981 247 227
368 79 512
255 187 176
397 66 600
712 651 822
936 872 35
706 836 281
282 191 16
697 861 997
921 271 81
875 704 952
502 944 421
809 875 786
965 474 735
742 735 287
205 839 743
188 426 366
379 744 844
943 550 408
434 574 76
688 194 267
759 721 504
669 770 524
965 341 672
103 377 125
599 440 152
214 421 298
318 627 14
567 613 641
847 749 929
44 78 394
577 664 243
585 526 254
727 599 756
736 47 986
98 737 979
297 779 922
147 641 105
734 441 144
59 829 988
53 652 599
84 763 894
968 130 255
155 191 122
921 224 448
749 844 786
199 810 455
785 772 291
857 641 950
833 822 422
454 378 543
482 879 500
119 717 207
475 746 316
176 919 142
328 601 563
951 262 832
127 668 323
525 166 938
492 551 839
880 156 401
999 585 577
160 1 239
390 566 358
45 650 169
361 280 330
396 297 676
155 193 694
668 727 891
455 990 360
127 444 50
142 895 646
702 126 345
207 494 100
439 17 30
385 173 773
376 912 111
517 8 652
891 618 655
582 187 979
145 800 586
973 585 22
324 274 995
522 109 383
293 840 850
270 299 501
949 647 70
298 287 497
544 571 685
987 853 281
560 225 372
297 134 18
477 26 286
412 500 580
491 428 33
321 259 657
552 235 37
381 75 930
290 11 879
272 35 528
154 607 423
781 241 320
670 598 815
4 989 678
789 147 89
666 378 609
22 597 954
306 635 294
513 506 856
356 464 206
875 206 577
76 884 608
189 433 268
944 642 44
153 204 531
42 424 430
288 164 397
133 396 555
660 408 606
243 364 266
354 159 158
972 945 491
57 573 265
244 64 79
526 127 497
92 302 706
134 799 257
896 991 357
955 114 386
804 248 124
868 820 498
561 518 873
354 436 63
725 872 530
459 597 680
910 448 677
809 101 687
439 333 671
221 895 213
365 208 588
633 176 843
499 170 574
287 102 724
75 95 649
780 676 218
793 449 528
5 929 191
10 872 792
691 816 432
43 519 533
293 68 630
787 306 957
670 867 417
474 905 826
982 514 784
253 381 301
468 123 81
31 31 211
265 658 742
133 48 578
684 567 599
637 679 424
272 379 173
6 714 410
605 526 363
870 292 252
366 707 467
379 414 530
146 49 853
564 664 244
934 493 494
186 108 776
314 455 471
161 479 142
807 633 25
644 93 103
758 185 357
96 237 923
335 465 215
963 622 142
123 61 547
422 3 213
376 362 908
347 88 795
203 215 791
948 772 29
928 375 137
652 246 644
246 348 632
206 654 375
836 188 440
143 152 271
525 89 62
329 951 983
807 66 48
999 887 499
513 788 491
249 837 848
574 671 891
186 930 262
305 738 297
681 378 162
751 696 917
569 439 425
563 641 758
543 671 852
659 609 687
333 349 569
388 831 461
567 552 315
65 853 884
611 961 296
874 459 646
678 415 467
748 737 330
593 422 531
481 474 72
682 364 19
951 742 429
409 938 285
4 901 284
273 301 270
111 519 424
221 62 453
686 161 549
552 801 55
241 120 468
572 350 715
352 735 623
877 539 396
580 568 245
901 609 425
373 661 125
263 869 664
889 601 179
418 890 320
964 166 494
292 490 370
146 709 646
23 375 16
749 934 538
443 248 433
273 459 909
843 297 53
271 937 712
132 252 885
330 211 671
990 757 822
689 364 443
102 344 590
266 222 339
900 858 616
158 780 486
335 258 456
897 882 884
529 739 971
421 710 765
417 974 609
733 965 584
934 838 83
737 175 246
683 358 770
192 656 251
883 269 938
94 533 367
845 303 861
332 94 639
813 572 460
765 61 784
273 839 455
118 485 118
314 884 476
346 495 523
871 190 414
736 837 42
652 855 198
610 488 275
392 938 852
50 511 524
259 44 852
361 286 18
389 383 477
19 447 515
909 525 476
861 513 998
17 46 821
315 918 367
178 182 42
180 345 110
797 755 718
372 353 981
931 135 611
181 51 161
114 413 97
762 366 444
748 229 786
797 744 751
100 393 43
688 89 465
707 182 526
23 423 276
262 16 818
965 666 976
903 859 276
497 34 281
521 626 569
390 401 772
972 818 194
228 471 869
441 289 776
684 237 136
910 972 172
156 160 139
866 770 983
584 841 573
325 811 922
0 766 124
87 808 741
797 441 70
72 591 177
459 193 144
699 515 629
479 524 514
517 218 986
771 835 712
531 753 833
722 466 249
368 778 320
465 902 399
228 931 137
493 216 26
226 998 718
458 412 930
322 83 733
392 618 443
668 485 881
180 750 836
665 811 313
98 521 554
613 650 489
892 775 415
552 120 89
552 629 875
944 195 399
79 50 775
451 33 662
426 317 402
746 708 993
967 496 480
63 922 849
87 372 11
443 671 257
176 295 890
428 165 461
996 46 543
354 646 648
259 904 323
46 890 385
744 668 441
639 475 957
666 601 430
796 485 479
978 205 193
139 495 147
364 555 249
430 193 495
646 350 632
587 752 354
954 524 676
944 779 472
